
NQ CPI mean $/micro (rows K, cols exit)
    09:29  10:00  10:30  11:00  11:30  12:00
1   -28.2  -12.0    7.0    7.4   11.2   15.5
3   -12.9    5.4   18.9   30.7   34.6   37.4
5   -10.8    7.8   21.9   33.5   36.6   40.5
10  -11.5   11.5   22.6   33.7   29.0   29.6
15   -9.8   14.1   21.8   27.9   25.3   25.2
30    4.7   16.5   26.5   36.5   30.4   34.1
NQ CPI t
    09:29  10:00  10:30  11:00  11:30  12:00
1   -2.75  -0.76   0.41   0.41   0.54   0.69
3   -1.37   0.37   1.22   1.81   1.74   1.77
5   -1.21   0.52   1.42   1.94   1.83   1.92
10  -1.56   0.80   1.48   2.04   1.51   1.46
15  -1.44   1.01   1.42   1.66   1.31   1.21
30   0.89   1.28   1.86   2.37   1.70   1.76

NQ EMPSIT mean $/micro (rows K, cols exit)
    09:29  10:00  10:30  11:00  11:30  12:00
1    13.0   22.6   25.6   21.7   13.2   20.5
3    18.4   28.7   41.1   33.0   28.2   27.1
5    21.5   27.4   40.6   36.2   33.2   33.3
10   10.8   23.4   25.6   19.3   19.9   30.4
15    3.4   25.3   26.0   19.6   15.9   16.9
30    9.0   19.1   21.5   22.9   22.7   17.6
NQ EMPSIT t
    09:29  10:00  10:30  11:00  11:30  12:00
1    1.52   1.69   1.53   1.13   0.64   0.95
3    2.20   2.23   2.55   1.76   1.39   1.26
5    2.42   2.05   2.43   1.91   1.62   1.53
10   1.37   1.71   1.59   1.05   0.99   1.40
15   0.53   1.96   1.61   1.07   0.79   0.80
30   1.80   1.52   1.36   1.25   1.12   0.85
NQ EVENT 08:34->09:29 186 5.33 -0.25 0.83
NQ EVENT 09:29->11:00 186 29.55 6.0 2.47
NQ NONEVENT 08:34->09:29 1824 -1.01 0.0 -0.92
NQ NONEVENT 09:29->11:00 1824 -2.31 -0.25 -0.71

ES CPI mean $/micro (rows K, cols exit)
    09:29  10:00  10:30  11:00  11:30  12:00
1   -14.8   -6.4    2.7    2.1    4.7    7.4
3    -1.1    0.4    9.5   16.1   20.3   23.2
5    -3.4    4.1   11.7   17.5   20.7   22.4
10   -4.4    1.0    7.0   10.7   10.4   13.6
15   -2.0    2.3    7.3    9.9   11.1   13.0
30    4.4   10.8   17.2   21.8   19.4   22.9
ES CPI t
    09:29  10:00  10:30  11:00  11:30  12:00
1   -2.35  -0.71   0.27   0.19   0.38   0.55
3   -0.17   0.05   0.96   1.47   1.56   1.68
5   -0.62   0.49   1.25   1.65   1.64   1.68
10  -0.90   0.12   0.72   1.02   0.83   1.03
15  -0.48   0.29   0.77   0.96   0.91   0.99
30   1.21   1.40   1.94   2.30   1.73   1.85

ES EMPSIT mean $/micro (rows K, cols exit)
    09:29  10:00  10:30  11:00  11:30  12:00
1     6.6    5.0    1.7   -4.5  -10.8  -11.7
3     9.3   12.5   14.2    9.5    6.2    8.0
5    11.9   14.9   19.5   15.9   14.5   15.7
10    3.6    5.9    6.7    2.3    4.0    8.2
15   -0.2    7.1    6.6    2.7    5.7    9.1
30    2.6    5.3    4.9    9.1   11.2   11.0
ES EMPSIT t
    09:29  10:00  10:30  11:00  11:30  12:00
1    1.12   0.59   0.17  -0.40  -0.90  -0.92
3    1.69   1.57   1.42   0.83   0.51   0.60
5    2.05   1.85   1.97   1.43   1.21   1.22
10   0.76   0.75   0.70   0.21   0.34   0.63
15  -0.05   0.98   0.70   0.25   0.48   0.73
30   0.90   0.78   0.56   0.87   0.97   0.90
ES EVENT 08:34->09:29 185 4.34 1.25 1.07
ES EVENT 09:29->11:00 185 12.34 6.25 1.83
ES NONEVENT 08:34->09:29 1687 -0.68 1.25 -0.85
ES NONEVENT 09:29->11:00 1687 -0.45 -1.25 -0.24
